float datosprueba[90]={
4.39,
4.42,
4.39,
4.39,
4.39,
4.39,
4.39,
4.4,
4.39,
4.39,
4.39,
4.38,
4.39,
4.39,
4.39,
4.39,
4.38,
4.39,
4.39,
4.41,
4.39,
4.39,
4.38,
4.39,
4.39,
4.38,
4.38,
4.38,
4.39,
4.39,
4.39,
4.39,
4.39,
4.38,
4.39,
4.39,
4.39,
4.38,
4.39,
4.39,
4.39,
4.39,
4.38,
4.38,
4.39,
4.4,
4.4,
4.39,
4.38,
4.38,
4.39,
4.39,
4.39,
4.39,
4.39,
4.39,
4.39,
4.39,
4.39,
4.39,
4.39,
4.39,
4.37,
4.39,
4.39,
4.38,
4.38,
4.39,
4.39,
4.39,
4.38,
4.38,
4.39,
4.39,
4.38,
4.39,
4.39,
4.39,
4.39,
4.39,
4.39,
4.39,
4.39,
4.39,
4.39,
4.39,
4.4,
4.39,
4.39,
4.39}
