float datosprueba[90]={
6.27,
6.27,
6.27,
6.27,
6.27,
6.27,
6.28,
6.27,
6.27,
6.28,
6.28,
6.28,
6.29,
6.28,
6.29,
6.28,
6.28,
6.28,
6.28,
6.27,
6.28,
6.28,
6.28,
6.28,
6.27,
6.28,
6.27,
6.28,
6.28,
6.28,
6.28,
6.28,
6.29,
6.29,
6.28,
6.28,
6.28,
6.28,
6.28,
6.28,
6.28,
6.28,
6.29,
6.28,
6.29,
6.28,
6.28,
6.28,
6.27,
6.28,
6.28,
6.28,
6.28,
6.28,
6.29,
6.28,
6.28,
6.29,
6.28,
6.28,
6.29,
6.28,
6.28,
6.29,
6.28,
6.29,
6.28,
6.28,
6.28,
6.29,
6.28,
6.28,
6.28,
6.27,
6.28,
6.28,
6.28,
6.28,
6.28,
6.28,
6.28,
6.28,
6.29,
6.28,
6.28,
6.29,
6.29,
6.28,
6.28,
6.28
}