float datosprueba[90]={
26,
26.06,
26.06,
26,
26.06,
26.06,
26.12,
26,
26.06,
26.06,
25.94,
26.19,
26.19,
26.06,
26,
26.12,
26.19,
26.19,
26.19,
26.25,
26.19,
26.25,
26.19,
26.19,
26.19,
26.12,
26.25,
26.25,
26.31,
26.12,
26.25,
26.31,
26.12,
26.19,
26.25,
26.12,
26.19,
26.12,
26.37,
26.19,
26.31,
26.31,
26.31,
26.37,
26.19,
26.31,
26.25,
26.19,
26.19,
26.31,
26.37,
26.44,
26.25,
26.5,
26.5,
26.44,
26.37,
26.44,
26.37,
26.25,
26.44,
26.37,
26.37,
26.37,
26.37,
26.56,
26.5,
26.31,
26.5,
26.37,
26.44,
26.5,
26.31,
26.5,
26.5,
26.44,
26.44,
26.56,
26.56,
26.5,
26.5,
26.5,
26.37,
26.56,
26.37,
26.56,
26.56,
26.62,
26.5,
26.5
}