float datosprueba[90]={
1.69,
1.69,
1.59,
1.69,
1.59,
1.69,
1.69,
1.69,
1.59,
1.69,
1.69,
1.59,
1.59,
1.59,
1.59,
1.69,
1.69,
1.59,
1.59,
1.69,
1.69,
1.59,
1.69,
1.59,
1.69,
1.59,
1.59,
1.69,
1.59,
1.69,
1.79,
1.49,
1.69,
1.69,
1.59,
1.59,
1.59,
1.69,
1.69,
1.59,
1.59,
1.59,
1.69,
1.49,
1.69,
1.59,
1.69,
1.69,
1.59,
1.69,
1.49,
1.59,
1.59,
1.59,
1.69,
1.59,
1.59,
1.59,
1.49,
1.59,
1.69,
1.69,
1.59,
1.69,
1.69,
1.69,
1.79,
1.59,
1.69,
1.69,
1.69,
1.59,
1.69,
1.69,
1.59,
1.69,
1.59,
1.59,
1.59,
1.59,
1.79,
1.69,
1.69,
1.59,
1.69,
1.69,
1.69,
1.59,
1.59,
1.69}
